kappa = 1.000000e+00
 lambda = 1.000000e+00
time_step = 100000
dt = 1.000000e-01
N = 256
dr = 1.000000e+00
NC = 3
kappa = 1.000000e+00
 lambda = 1.000000e+00
chi
 0.000e+00 1.000e+00 5.000e+00
 1.000e+00 0.000e+00 5.000e+00
 5.000e+00 5.000e+00 0.000e+00
c_zero :  2.000e-01 2.000e-01 6.000e-01
c_noise = 5.000000e-03
average_comp: 2.000e-01 2.000e-01 6.000e-01